KKLLF  54  48  74   | 240  283  332   | 239  216  162   | 311  307  274   | 302  295   7   |  5   3  26   |    5 | 
KKLLF  13  15  19   |  58   80   82   |  75   47   67   |  84  102   95   |  66   69   7   | 14  10   9   |    6 | 
KKLLF  11  18  14   |  45   61   72   |  61   49   39   |  90   85   50   |  87   59  15   |  5   3   9   |    5 | 
KKLLF  11  15  12   |  60   47   44   |  62   47   29   |  66   64   62   |  36   64   7   | 14  10  18   |    5 | 
KKLLF  10   8   6   |  49   57   66   |  48   53   20   |  66   53   34   |  66   34   7   |  5   3   9   |    6 | 
KKLLF  10  13   8   |  29   55   42   |  42   27   29   |  54   53   67   |  51   30  22   | 18  31  26   |    6 | 
KKLLF   6  16   8   |  18   31   32   |  31   25   39   |  48   64   62   |  31   39  22   | 14  20  18   |    6 | 
KKLLF   6   8  10   |  19   16   36   |  33   37   34   |  66   53   45   |  41   59   7   |  9   7   9   |    7 | 
KKLLF   6   3   4   |  23   33   32   |  26   25   24   |  24   49   45   |  26   20   7   |  5   3   9   |    9 | 
KKLLF  13   5   2   |   8   27   32   |  17   41   10   |  30   28   45   |  41   20   7   |  5  20  18   |    5 | 
KKLLF  10   3   2   |  21   14   12   |  14   16   29   |  54   28   50   |  31   49   7   |  5   7   9   |    9 | 
KKLLF   8   3   2   |  31   18   12   |  28   12   21   |  24   25   17   |  15   20  15   | 23  17  35   |    5 | 
KKLLF   6   8   2   |  19   12   14   |  25   16   21   |  24   25   34   |  20   15  22   | 23  17  26   |    5 | 
KKLLF   2   5   6   |  13   16   14   |  14   14   15   |  18   28   22   |  36   25  44   | 32  34  35   |    5 | 
KKLLF   8   7   4   |  13    6   44   |  19   18    8   |  42   39   28   |  10   20   7   | 23   3   9   |    6 | 
KKLLF   4   5   2   |  16   37   28   |  11   10   15   |  18   21   34   |  20   20   7   | 23  24   9   |    7 | 
KKLLF   6   5   4   |  10    8   18   |  25   20   18   |  24   35   28   |  31   10  15   | 14   7  35   |    6 | 
KKLLF   4   5   4   |  11   18   14   |  20   12   33   |  30   21   17   |   5    5   7   | 18  24  18   |    5 | 
KKLLF   6   3   4   |  15    8   12   |   5    8   29   |  24   25   28   |  26   25  22   | 27  31   9   |    6 | 
KKLLF   4   5   4   |  11   10   18   |  19   22   13   |  24   28   22   |  20   20  37   | 14   7  18   |    6 | 
KKLLF   4   7   2   |  11   16   12   |  11    6   16   |  18   35   22   |  20   25  44   | 23  17  26   |    6 | 
KKLLF   4   2   2   |  19   10   16   |  14   18   23   |  12   14   11   |  10   10  15   |  5  17  18   |    5 | 
KKLLF   6   5   2   |  11   16   12   |   8   29    5   |  18   18   28   |  20   10   7   |  9  17  35   |    5 | 
KKLLF   4   3   6   |  16    6   10   |   8   12    5   |  24   32   17   |  10   15  22   | 27  17  53   |    6 | 
KKLLF   6   3   2   |   2    8   20   |  11    6   16   |  30   21   17   |  10   10  22   | 23  17  18   |    6 | 
KKLLF   2   2   4   |   8   18    6   |  22    2    7   |  12   21   22   |  20   10   7   | 14  14  35   |    7 | 
KKLLF   2   2   2   |   6   12   10   |   9   14   15   |  18   11   17   |  31   20  22   |  9  10  26   |    8 | 
KKLLF   2   3   4   |  15   12   16   |   8    8   16   |  18   25   17   |  10   15   7   |  9   3   9   |    7 | 
KKLLF   6   3   4   |   8   20    6   |   6    6   10   |  18   21   28   |  15   10  15   | 18  14  18   |    5 | 
KKLLF   2   5   2   |   5   14    8   |  20    6   10   |  42   21   28   |  15   10   7   |  5   7   9   |   10 | 
KKLLF   2   3   4   |   2    4    6   |  17    2   20   |  24   25   28   |  10   25   7   | 14  14  18   |    8 | 
KKLLF   6   3   2   |  13    6    4   |   8   12   16   |  24   18   17   |  15   15  22   | 14   7  18   |    5 | 
KKLLF   4   3   2   |   6   14    6   |   2   14   20   |  24   14   28   |   5    5  22   | 14  17  18   |    7 | 
KKLLF   2   5   2   |  10   16   14   |   6    8   15   |  18   18   17   |  10   34   7   |  5   3   9   |    6 | 
KKLLF   4   5   2   |   6   12    6   |   9    8   16   |  18   14   22   |  10   10  22   |  9  17  18   |    5 | 
KKLLF   6   2   2   |  10    6   12   |   8    6   11   |  18   18   11   |  10   20   7   | 27  17  26   |    5 | 
KKLLF   2   2   4   |   8   16    6   |  17   10   13   |  12   14   17   |  10    5  22   |  9   7  26   |    6 | 
KKLLF   2   2   2   |  11   14    8   |  16    6   15   |  12   14   11   |  15   20  15   |  9   3   9   |    7 | 
KKLLF   2   2   6   |   5    8   12   |   6   18    7   |  18   14   22   |  15   15   7   | 18  10  26   |    6 | 
KKLLF   2   3   4   |  10    6    8   |   6    2   13   |  18   18   17   |  26    5  29   | 14  20   9   |    6 | 
KKLLF   2   3   4   |  10   14   10   |  16    8   11   |  12   14   22   |  10    5   7   |  5   7   9   |    5 | 
KKLLF   4   2   2   |  11    8   12   |   6   18   10   |  12   14   17   |   5   10  15   | 14  10  18   |    6 | 
KKLLF   4   3   2   |  10   14   12   |   9    6   11   |  18   18   11   |   5   15   7   |  9  10   9   |    5 | 
KKLLF   2   3   4   |   6    4   14   |  12   12   11   |  12   21   17   |  10   20   7   |  9   3   9   |    6 | 
KKLLF   2   3   4   |   5    6    4   |  14   12   15   |  24   18   17   |  10   10  15   |  5  14   9   |    6 | 
KKLLF   6   3   4   |  10   14    6   |   3    4    5   |  24   28   17   |  26   10   7   | 23   3   9   |    5 | 
KKLLF   4   3   2   |   5   20   10   |  11   10    8   |  18   11   17   |  15   10   7   |  5  10   9   |    5 | 
KKLLF   2   2   6   |   6    4   10   |  16   14    7   |  18   14   17   |   5   10   7   |  5   7  53   |    5 | 
KKLLF   2   3   2   |   5   12    6   |  12    6    8   |  18   18   17   |  20   10  37   |  9  10   9   |    7 | 
KKLLF   4   2   4   |   6    8    4   |   8   10   10   |  12   14   22   |   5   10  15   |  9  31  18   |    5 | 
KKLLF   6   5   2   |  11    6   14   |   8    4    7   |  24   18   22   |  10    5  15   |  9   7  18   |    5 | 
KKLLF   2   2   2   |  10   12   12   |  12    6    5   |  18   18   17   |   5   15  15   |  9  10   9   |   10 | 
KKLLF   6   2   2   |   3   10    8   |   2   12   13   |  18   14   22   |  20   10   7   |  5  17  18   |    6 | 
KKLLF   4   3   4   |   6    4    8   |  16    8    3   |  24   14   28   |  15   15   7   |  5  10   9   |    6 | 
KKLLF   4   2   2   |   8   10   10   |   9   10    7   |  12   14   11   |  10   15   7   |  9  14  18   |    5 | 
KKLLF   2   3   2   |  11   10   20   |   8    6    3   |  18   11   17   |  20   15   7   |  5   3   9   |    6 | 
KKLLF   4   2   4   |   3    8   16   |   3   10   10   |  18   14   17   |  10   20   7   |  9   7  26   |    5 | 
KKLLF   2   3   2   |   5    4    6   |   9    8   13   |  12   11   17   |  15    5   7   |  9  20  35   |    6 | 
KKLLF   2   3   2   |   3   10   10   |   8    4   10   |  18   14   17   |  10   25   7   | 14  10  18   |    7 | 
KKLLF   2   5   2   |   5   10   10   |  14   12    5   |  12   14   22   |   5    5   7   |  5   7  18   |    6 | 
KKLLF   2   3   2   |  18   10    4   |   6    8    2   |  12   14   11   |   5   10   7   |  5  20  26   |    5 | 
KKLLF   4   3   2   |   6   14    8   |   9    4    5   |  18   14   17   |  20   10  15   |  5   7   9   |    5 | 
KKLLF   2   3   2   |  11    4   12   |   3    4   11   |  18   14   17   |   5   10  22   |  5  14   9   |    7 | 
KKLLF   2   2   4   |   3    6    6   |  12    2   11   |  18   14   11   |  20    5  15   |  5  14  18   |    6 | 
KKLLF   2   2   2   |   3   10   10   |   8   12    8   |  12   11   11   |  15   20   7   | 14   3   9   |    6 | 
KKLLF   4   3   2   |  11    6    6   |   5   14    8   |  18   14   17   |   5    5   7   |  5   7  18   |    5 | 
KKLLF   2   2   2   |   3    4    8   |   6   16    3   |  12   21   17   |  31   10   7   |  9   7   9   |    9 | 
KKLLF   2   2   4   |   6    4    8   |  16    4    3   |  12   18   11   |  15   10   7   | 18   7   9   |    5 | 
KKLLF   2   3   4   |   6    4    6   |  11    4    8   |  12   18   17   |  10    5  15   |  9  14   9   |    5 | 
KKLLF   2   3   4   |   3    4    4   |   9    4   10   |  18   18   17   |   5   10  15   | 14  14  18   |    6 | 
KKLLF   6   2   2   |   6    4   10   |   3    6   10   |  18   14   17   |  15   20  22   |  5   3   9   |    5 | 
KKLLF   2   3   2   |   6    8    6   |   5   10    7   |  12   14   11   |  10   10  15   | 23   7  18   |    5 | 
KKLLF   4   3   2   |   5   10   12   |   3    6    2   |  24   21   17   |  26    5   7   |  5   7   9   |    7 | 
KKLLF   2   2   6   |   5   10    8   |   3    6    2   |  12   18   22   |  31   10   7   |  9   3  26   |    6 | 
KKLLF   2   2   4   |   5   12   16   |   6    2    7   |  12   14   17   |   5    5  15   |  5  10   9   |    6 | 
KKLLF   2   3   2   |   2    6    6   |   8   12   10   |  12   18   11   |   5   10  29   |  5   7   9   |    6 | 
KKLLF   2   2   2   |  10    4    8   |   5    8   16   |  18   11   11   |   5   10   7   |  5   3   9   |    7 | 
KKLLF   2   5   2   |   3    4   12   |   9    6    5   |  12   18   22   |  10   15   7   |  5   3   9   |    6 | 
KKLLF   2   2   6   |   3    2   10   |   5    8    5   |  18   14   17   |  10   10  29   | 14   3  18   |    5 | 
KKLLF   2   3   4   |   5    6    8   |   8    4    5   |  18   18   11   |   5   10  15   | 14   7   9   |    5 | 
KKLLF   4   2   2   |   5    6    8   |   2   12    8   |  24   18   17   |  10    5   7   |  5  10   9   |    8 | 
KKLLF   4   2   2   |   3    2   12   |   3    8    8   |  18   18   11   |  15    5   7   |  5  10  26   |    6 | 
KKLLF   2   3   4   |   6    8   14   |   3    2    7   |  12   18   17   |   5   15   7   |  5   3  18   |    5 | 
KKLLF   2   2   2   |   3    8    8   |  12    6    3   |  12    7   11   |   5   10  29   | 14   7  18   |    6 | 
KKLLF   4   2   2   |   3    2   12   |  12    4    2   |  12   18   17   |  10   10   7   |  9   7  26   |    6 | 
KKLLF   2   2   2   |   3    6   14   |   8    8    3   |   6   11   11   |  10   20  15   |  5  10  18   |    5 | 
KKLLF   2   2   6   |   6    2    8   |   5    6    5   |  18   14   22   |  10   10   7   |  5  14  18   |    6 | 
KKLLF   4   2   4   |  13    4    4   |   6    2    2   |  12   21   22   |  10   15   7   |  9   7   9   |    6 | 
KKLLF   4   2   2   |  10    2    6   |   9    6    7   |  12   11   17   |   5   15  15   |  9   3   9   |    5 | 
KKLLF   2   2   4   |   2   14    8   |   8    2    5   |  12   14   11   |  10   30   7   |  5   3   9   |    5 | 
KKLLF   2   3   2   |   8    4   12   |   2    8   10   |  18   18   11   |   5    5   7   |  5   7   9   |    7 | 
KKLLF   4   2   2   |   3   10    4   |   5    8   13   |  12   14   11   |  15    5   7   |  9   3   9   |    5 | 
KKLLF   2   2   2   |  10    4    8   |   6    8    7   |  18   11   17   |   5   10  22   |  5   3   9   |    8 | 
KKLLF   2   5   2   |   5    4    4   |   6    2    7   |  12   18   22   |  10   10  15   |  5  17   9   |    6 | 
KKLLF   2   2   2   |   5    8   10   |   3    6    7   |  12   11   11   |  20   10  15   |  9   7  18   |    6 | 
KKLLF   2   2   2   |   3    4    4   |   5   14    7   |  12    7   11   |  10    5  15   |  9  20  18   |    6 | 
KKLLF   2   2   2   |   3    6    4   |  12    6    2   |  12   11   17   |  15    5  15   |  9  10  26   |    7 | 
KKLLF   2   5   2   |   6   12    2   |   3    2    5   |  24   21   17   |   5    5   7   | 14   3  18   |    7 | 
KKLLF   2   3   2   |   6    6    6   |   8   12    2   |  12   14   11   |   5    5  37   |  5   3   9   |    5 | 
KKLLF   2   2   4   |  10    2   16   |   3    8    3   |  12   14   11   |  15   10   7   |  5   3   9   |    5 | 
KKLLF   2   3   2   |   5    8    8   |   8    4    2   |  18   11   11   |   5   15  15   | 14   7  18   |    6 | 
KKLLF   2   2   2   |  10    6    2   |   3    8   10   |  12    7   11   |   5   15  15   | 14   7  18   |    6 | 
KKLLF   2   2   4   |   5    4   12   |   6    6    2   |  12   14   17   |   5    5   7   |  9  10   9   |    6 | 
KKLLF   2   2   4   |   2    6    4   |   3    8   10   |  12   11   17   |  10   10  22   |  9  10   9   |    5 | 
KKLLF   2   3   2   |   5    4   16   |   3    2    3   |  12   14   11   |  10    5   7   | 18  10  18   |    5 | 
KKLLF   4   2   2   |   8    4   10   |   2    4    8   |  12   14   11   |   5    5  15   | 14   3  26   |    5 | 
KKLLF   2   3   2   |   3   10    8   |   2    6    5   |  12   14   17   |  10   15   7   |  9   7  18   |    6 | 
KKLLF   2   2   2   |   5    2    8   |  12    2    8   |  12   14   17   |   5    5  15   |  9   7   9   |    8 | 
KKLLF   4   2   2   |   3    6    8   |   9    6    5   |  12   14   11   |  10   20   7   |  5   3   9   |    5 | 
KKLLF   4   2   2   |  10    2   12   |   5    2    3   |  12   18   11   |  10    5  15   | 18   3   9   |    6 | 
KKLLF   2   3   2   |   6    6    4   |   8    8    5   |  12   11   17   |  10    5  22   |  9   3   9   |    6 | 
KKLLF   4   2   2   |   2    8   14   |   6    2    5   |  12   11   17   |   5    5   7   |  5  14  26   |    5 | 
KKLLF   4   2   2   |   5    8    6   |   5    4    7   |  18   11   11   |  10   10  15   |  5   3  35   |    5 | 
KKLLF   2   2   2   |   6    4    4   |   8    4   13   |  12   11   11   |   5   15   7   |  5   3  18   |    6 | 
KKLLF   2   2   2   |   3    8   10   |   6    4    2   |  12   18   22   |   5   15   7   |  9   3  18   |    9 | 
KKLLF   2   3   2   |   5   10    8   |   5    8    2   |  12   14   11   |  15    5   7   |  5   7  18   |    5 | 
KKLLF   2   3   2   |  10    4   10   |   6    4    2   |  12   11   17   |  10    5   7   |  5   3  26   |    6 | 
KKLLF   2   2   2   |   2    8    8   |   9    2   11   |   6   11   11   |   5    5   7   | 14   3  18   |    5 | 
KKLLF   2   3   2   |   2    6    4   |   3   12    8   |  12   14   11   |  10   10  15   |  5   7   9   |    5 | 
KKLLF   4   3   2   |   3    4    4   |   5    8    3   |  18   14   17   |   5   15   7   |  5  10  18   |    5 | 
KKLLF   2   2   2   |   8    2    4   |   5    6   11   |  12   14   17   |   5   15   7   |  5   3   9   |    8 | 
KKLLF   2   3   2   |   2    6    2   |   2    6   10   |  18   14   22   |  10    5   7   |  9  14   9   |    8 | 
KKLLF   2   2   4   |   3    6    6   |   5    6    8   |  18   11   11   |  10   10   7   |  9   3  18   |    5 | 
KKLLF   4   2   2   |   3    2   10   |   6    6    7   |  18   11   11   |  10    5  15   |  9   7   9   |    5 | 
KKLLF   2   3   2   |   6    4    4   |   3    2   10   |  18   11   22   |  10    5   7   |  5  14   9   |    7 | 
KKLLF   2   3   2   |   5    4   10   |   3    2    7   |  12   14   11   |  10   10  15   | 18   3   9   |    5 | 
KKLLF   2   2   2   |   3    2    6   |   6    4    5   |  18   11   17   |  10   15  22   |  5  10   9   |    8 | 
KKLLF   2   2   2   |   5    6    6   |   3    6    8   |  12   14   11   |  10   10   7   |  5   7  18   |    7 | 
KKLLF   2   3   2   |   6    6    2   |   3    2    7   |  12   14   11   |  10   15  22   |  9   7   9   |    5 | 
KKLLF   2   2   2   |   3    8    6   |   3   10    8   |   6   11   11   |   5    5  15   | 14   3  18   |    5 | 
KKLLF   2   3   2   |   2   10    2   |   6    4    5   |  12   18   11   |  10    5  15   |  5  14   9   |    6 | 
KKLLF   2   2   4   |   6    4   10   |   2    8    3   |  18   11   11   |   5    5   7   |  5   3  44   |    5 | 
KKLLF   2   5   2   |   2    6    2   |   6    2    7   |  18   21   11   |   5   10  15   |  9   7   9   |    6 | 
KKLLF   2   2   2   |   3    4    4   |  19    4    7   |  12    7   11   |   5    5   7   |  9   3   9   |    6 | 
KKLLF   4   2   2   |   8    4   10   |   5    4    2   |  18   11   22   |  10    5   7   |  9   3   9   |    7 | 
KKLLF   4   2   2   |   6    8    6   |   5    2    2   |  12   14   17   |  10    5  15   |  9   3  18   |    6 | 
KKLLF   6   2   2   |   2    6    2   |   6    4    2   |  12   14   22   |  15    5   7   |  5  14  18   |    5 | 
KKLLF   2   2   2   |   2   10    8   |   2    4    8   |  18   14   11   |  10   10   7   |  9   3   9   |    8 | 
KKLLF   2   2   2   |   3   10    6   |   8    2    5   |  12    7   11   |   5    5  22   | 14   3  18   |    6 | 
KKLLF   2   2   2   |   2    4    4   |   6    6    8   |  12    7   11   |  10   10   7   |  9  17   9   |    6 | 
KKLLF   2   2   2   |   2    4    8   |   6    8    3   |  12   11   11   |  15   10  22   |  5   7   9   |    6 | 
KKLLF   2   3   2   |   5    8    6   |   2    6    5   |  12   14   11   |   5   10   7   |  5  14   9   |    5 | 
KKLLF   2   2   2   |   3    4   10   |  12    4    3   |   6   11   11   |  10   10  15   |  5   3   9   |    5 | 
KKLLF   2   2   2   |   6    2    4   |   6    4    8   |  12   11   11   |   5    5  15   | 14  10   9   |    6 | 
KKLLF   2   3   2   |   8   10    2   |   3    8    3   |  18   11   17   |   5   10   7   |  5   3   9   |    6 | 
KKLLF   2   2   6   |   3    2    4   |   6    6    7   |  24   14   17   |  10    5   7   |  5   3   9   |    6 | 
KKLLF   2   2   2   |   6    4    2   |   2    4   11   |  12   14   11   |  10    5   7   |  5  10  18   |    7 | 
KKLLF   4   2   2   |   2    6    6   |   5    2    2   |  18   14   11   |   5   10   7   | 23   7  18   |    6 | 
KKLLF   2   3   2   |   5    4    8   |   5    6    7   |  12   18   11   |   5    5   7   |  5   3   9   |    6 | 
KKLLF   4   2   2   |   5    6    6   |   5    4    2   |  18   11   17   |  10    5   7   |  5  14   9   |    6 | 
KKLLF   2   2   2   |   8    4    2   |   3    6   10   |  12    7   11   |   5    5  15   | 18   3   9   |    6 | 
KKLLF   2   2   2   |   8    2    2   |   3    6    3   |  12   11   11   |  10   20   7   |  9  14   9   |    6 | 
KKLLF   2   3   2   |   6    8    2   |   3    8    3   |  12   18   11   |   5   10   7   |  9   3   9   |    6 | 
KKLLF   2   2   2   |   5    4    2   |   5    2    7   |  12   14   11   |  10    5  22   |  9  14   9   |    7 | 
KKLLF   2   2   2   |   5    2    8   |   3    2    5   |  12   11   17   |   5   15  15   | 14  10   9   |    7 | 
KKLLF   4   2   2   |   2    6    4   |   6    4    8   |  12   11   17   |   5    5   7   |  9  10   9   |    5 | 
KKLLF   2   2   2   |   5    8    4   |   3   16    2   |  12   11   11   |   5   10   7   |  5   7   9   |    6 | 
KKLLF   2   2   2   |   3    8    6   |   3    2    2   |  18   11   17   |   5    5  22   | 18   7  18   |    8 | 
KKLLF   4   3   2   |   5    2    4   |   5    2    3   |  18   11   17   |  15    5  15   |  9  10   9   |    5 | 
KKLLF   2   2   4   |   2    4    2   |   6    2    8   |  12   14   11   |  26    5   7   |  5   7   9   |    5 | 
KKLLF   2   2   2   |  11    4    4   |   3    6    5   |  12   11   11   |   5   10   7   |  5   7   9   |    6 | 
KKLLF   2   2   2   |   3   10    4   |   8    8    7   |  12    7   11   |   5    5   7   |  5   3   9   |    6 | 
KKLLF   4   2   2   |   2    6    6   |   2    4    8   |  12   11   17   |  10   10   7   |  5  10   9   |    5 | 
KKLLF   2   2   2   |  15    4    2   |   5    2    2   |  12   11   17   |  15    5   7   |  5   7   9   |    7 | 
KKLLF   2   2   2   |   6    4    8   |   2    6    8   |  12    7   11   |  15   10   7   |  5   3   9   |    6 | 
KKLLF   2   2   2   |   2    4    2   |   5    2   13   |  12    7   11   |   5    5  15   | 18   7  18   |    6 | 
KKLLF   2   2   2   |  11    2    2   |   5    4    5   |  12    7   11   |  15    5   7   |  9  10   9   |    6 | 
KKLLF   2   2   4   |   2    2    8   |   9    6    2   |  12   14   17   |  15    5   7   |  5   3   9   |    6 | 
KKLLF   2   3   2   |   3    4    2   |   8    8    2   |  12   18   11   |  10    5   7   |  9   7   9   |    6 | 
KKLLF   2   2   2   |   3    4    4   |   5    6    7   |  12    7   11   |  15    5  15   |  9   7  18   |    6 | 
KKLLF   2   2   2   |   2    2    8   |   6    8    5   |  12    7   11   |  20    5   7   |  9   7   9   |    6 | 
KKLLF   4   2   2   |   3    4    6   |   5    6    3   |  12   14   11   |   5   10   7   |  9  10   9   |    5 | 
KKLLF   2   3   2   |   3    2    8   |   2    8    2   |  12   14   22   |   5   10   7   |  5  14   9   |    7 | 
KKLLF   2   2   2   |   5    4    2   |   5    4    3   |  18   11   17   |  10    5   7   |  9  17   9   |    8 | 
KKLLF   2   5   2   |   2    2    4   |  11    2    2   |  12   18   17   |  15    5   7   |  5   3  18   |    5 | 
KKLLF   4   2   2   |   6    2    4   |   2    4   11   |  12   14   17   |   5    5  15   |  5   3   9   |    6 | 
KKLLF   2   2   2   |   2    4    4   |   3    2   20   |   6   11   11   |   5    5   7   |  9   3   9   |    5 | 
KKLLF   2   2   2   |   6    2    2   |   3    4    7   |  18   14   17   |   5    5   7   |  9  10   9   |    9 | 
KKLLF   2   2   2   |   3    4    6   |   6    6    5   |  18   11   17   |   5   10   7   |  5   3   9   |    8 | 
KKLLF   2   2   2   |   2    4    8   |   6    4   10   |  12    7   11   |   5   10  15   |  5   3   9   |    6 | 
KKLLF   2   2   2   |   5    2    2   |   3    8    7   |   6   11   11   |  10   10  15   | 14   7   9   |    5 | 
KKLLF   2   2   4   |   3    4    8   |   5    8    3   |  18   11   11   |   5    5  15   |  5   3   9   |    5 | 
KKLLF   4   3   2   |   6    4    4   |   3    4    2   |  18   18   17   |   5    5   7   |  5   3  18   |    6 | 
KKLLF   2   2   4   |   5    4    4   |   5    4    7   |  18   11   17   |   5    5   7   |  9   3   9   |    6 | 
KKLLF   2   2   2   |   3    2    6   |   8    6    7   |   6   11   11   |   5    5   7   | 14   3  18   |    5 | 
KKLLF   4   2   2   |   6    4    2   |   3    4    2   |  18   11   22   |   5   10   7   | 14   7   9   |    7 | 
KKLLF   2   2   2   |   6    4    4   |   3    6    3   |  12    7   11   |   5   15   7   |  9   3  26   |    6 | 
KKLLF   2   3   2   |   6    8    4   |   2    2    3   |  12   11   17   |   5   10  15   |  9   3   9   |    6 | 
KKLLF   2   2   2   |   2    2    8   |  11    8    3   |   6   11   11   |  10    5   7   |  5   3   9   |    5 | 
KKLLF   2   2   4   |   2    4    4   |   5    6    2   |  12   14   11   |   5   10   7   | 18   7   9   |    5 | 
KKLLF   2   2   2   |   3    8   14   |   2    4    2   |  12    7   11   |   5   10   7   |  9   7   9   |    6 | 
KKLLF   2   2   2   |   5    8    2   |   2   12    2   |  12   14   11   |   5    5   7   |  9   3  18   |    7 | 
KKLLF   2   2   2   |   5    8    6   |   6    2    2   |  12    7   11   |   5   15   7   |  5  10   9   |    6 | 
KKLLF   2   2   4   |   5    4    2   |   2    6    5   |  18   11   11   |  10   10   7   |  5   7  18   |    5 | 
KKLLF   2   2   2   |   5    8    4   |   8    2    5   |   6   11   11   |   5   15   7   |  5   3   9   |    5 | 
KKLLF   4   2   2   |   6    6    2   |   2    2    5   |  12   11   17   |   5    5  15   |  5  14   9   |    5 | 
KKLLF   2   2   2   |   2    2    6   |   8    4    5   |  12   11   11   |   5   10  15   |  5   3  26   |    6 | 
KKLLF   2   2   2   |   6    4    8   |   5    6    5   |  12    7   11   |   5    5   7   |  9   3   9   |    6 | 
KKLLF   4   2   2   |  11    8    2   |   3    2    2   |  12   11   17   |   5    5   7   |  5   3   9   |    5 | 
KKLLF   2   2   2   |   3    6    2   |   5    8    5   |   6   11   11   |  10    5   7   |  9   7   9   |    5 | 
KKLLF   2   3   2   |   6    4    2   |   2    2    3   |  18   11   11   |  10    5   7   |  9  14   9   |    6 | 
KKLLF   2   2   2   |   3    8    2   |   2    6    3   |  18   11   11   |   5   15   7   |  5  10   9   |    7 | 
KKLLF   2   2   2   |   3    2    2   |   3    2    8   |  12   14   11   |  10   15  15   |  5   7   9   |    7 | 
KKLLF   2   3   2   |   3    6    2   |   9    2    2   |  12   14   11   |   5    5   7   |  9   3  18   |    5 | 
KKLLF   2   2   2   |   3    8    6   |   3    6    2   |  12   11   11   |   5    5  15   |  5   7  18   |    6 | 
KKLLF   2   2   2   |   5    2    4   |  12    2    2   |  12    7   11   |  10   10  15   |  5   3   9   |    6 | 
KKLLF   2   3   2   |   5    6    6   |   3    2    3   |  12   11   17   |   5   10   7   |  5   7   9   |    6 | 
KKLLF   2   2   2   |   5    4    2   |   2    4    3   |  12   11   11   |  10   15   7   |  9  14   9   |    6 | 
KKLLF   2   2   2   |   2   10    2   |   6    2    3   |  12   11   11   |  15    5  15   |  9   3   9   |    6 | 
KKLLF   2   2   2   |   2    4   10   |   8    6    2   |  18   11   11   |   5    5   7   |  5   3   9   |    7 | 
KKLLF   2   2   4   |   5    2    4   |   5    4    2   |  18   18   11   |   5    5  15   |  5   3  18   |    6 | 
KKLLF   2   2   4   |   2    6    4   |   2    2    3   |  18   11   11   |   5   15   7   |  9  10  18   |    5 | 
KKLLF   2   2   2   |   5    2    4   |   8    4    3   |  12    7   11   |  10   10   7   |  9   7   9   |    6 | 
KKLLF   2   3   2   |   2    6    6   |   3    2    3   |  12   18   11   |   5    5  15   |  5   7  18   |    6 | 
KKLLF   2   3   2   |   3    2    2   |   2    2    5   |  18   11   17   |  10    5  15   |  9  10   9   |    6 | 
KKLLF   2   2   2   |   3    4    8   |   3    2    7   |  12    7   11   |   5    5  15   |  5  10   9   |    6 | 
KKLLF   2   2   2   |   3    2    4   |  11    4    7   |  12    7   11   |   5    5   7   |  5   3   9   |    6 | 
KKLLF   2   2   2   |   2    4    2   |   6    8    5   |  12   11   11   |   5   10   7   |  9   3   9   |    6 | 
KKLLF   2   2   2   |   3    6    2   |   5    2    5   |  12   11   11   |  10    5   7   | 14   3  18   |    6 | 
KKLLF   2   2   2   |   5    6    4   |   3    2    7   |  12    7   11   |   5    5   7   |  9   7  18   |    6 | 
KKLLF   2   2   2   |   3    4    6   |   2    2    7   |  12    7   11   |   5   10  15   |  5  14   9   |    6 | 
KKLLF   2   2   2   |   5    4    4   |   8    2    5   |   6   11   11   |   5   15   7   |  5   3   9   |    5 | 
KKLLF   2   2   2   |   2    8    2   |   3    4    8   |   6   11   11   |   5   10   7   |  5  10   9   |    5 | 
KKLLF   2   2   2   |   5    8    2   |   2    8    2   |  12    7   11   |  10    5   7   | 14   3  18   |    6 | 
KKLLF   2   3   2   |   3    6    2   |   2    2    5   |  12   11   17   |  10    5  15   | 14   3   9   |    6 | 
KKLLF   2   2   2   |   3    2    6   |   5    4    8   |  12    7   11   |  10    5   7   |  9   3   9   |    6 | 
KKLLF   4   2   2   |   2    6    4   |   2    2    5   |  18   11   11   |   5    5  15   |  5  10  18   |    5 | 
KKLLF   2   2   2   |   3    2    8   |   3    2    3   |  12   11   11   |   5   15   7   | 18   3   9   |    6 | 
KKLLF   2   2   2   |   5    6    2   |   2    4   10   |   6   11   11   |   5    5   7   |  9   7   9   |    5 | 
KKLLF   2   2   2   |   3    8    8   |   5    6    2   |   6   11   11   |   5    5   7   |  9   3   9   |    5 | 
KKLLF   2   2   2   |   3    8    6   |   2    2    2   |  12    7   11   |   5   10  15   |  9   7  18   |    6 | 
KKLLF   4   2   2   |   2    4    2   |   2    2    5   |  18   11   11   |  10   10  29   |  5   3   9   |    5 | 
KKLLF   2   2   2   |   3    8    2   |   3    2    2   |   6   11   11   |   5   25  15   |  9   3   9   |    5 | 
KKLLF   2   3   2   |   3    2    2   |   5    6    3   |  12   14   11   |   5   15   7   |  5   3   9   |    5 | 
KKLLF   2   3   2   |   3    8    2   |   2    2    2   |  12   18   11   |  10    5   7   |  5   7  18   |    6 | 
KKLLF   4   2   2   |   6    6    2   |   3    2    2   |  12   14   17   |   5    5   7   |  5   3  18   |    6 | 
KKLLF   2   2   2   |   2    6    4   |   3    2    8   |  12    7   11   |   5    5   7   |  9  10   9   |    6 | 
KKLLF   2   2   2   |   3    2    2   |   5   10    3   |   6   11   11   |   5    5   7   |  9  10   9   |    5 | 
KKLLF   2   2   2   |   3    4    4   |   8    4    3   |   6   11   11   |   5    5   7   |  5  10   9   |    5 | 
KKLLF   2   2   2   |   2    4    4   |   8    6    3   |   6   11   11   |   5    5   7   |  5  10   9   |    5 | 
KKLLF   2   3   2   |   2    6    4   |   5    2    2   |  18   11   17   |  10   10   7   |  5   3   9   |    6 | 
KKLLF   2   3   2   |   5    2    2   |   5    4    2   |  12   14   11   |   5   15   7   |  5   7   9   |    5 | 
KKLLF   2   2   2   |   5    2    4   |   6    2    5   |  12    7   11   |   5   10   7   |  9   3  18   |    6 | 
KKLLF   2   2   2   |   2    2    2   |   6    6    2   |  12   14   11   |   5    5  15   |  5  10   9   |    7 | 
KKLLF   2   2   2   |   6    4    4   |   2    6    2   |  12    7   11   |  15    5   7   |  5   7   9   |    6 | 
KKLLF   2   2   2   |   5    4    4   |   3    4    5   |  12    7   11   |   5    5   7   |  9   7   9   |    6 | 
KKLLF   2   2   2   |   2    6    4   |   3    2    3   |  12   11   17   |  10    5   7   |  5   3  26   |    7 | 
KKLLF   2   2   2   |   2    2    6   |   2    4    8   |  12   11   11   |   5   10   7   |  9   3   9   |    6 | 
KKLLF   2   3   2   |   2    4    8   |   5    2    3   |  12   11   17   |   5    5   7   |  5   3   9   |    6 | 
KKLLF   2   2   2   |   6    6    4   |   2    4    3   |  12   11   11   |   5   10   7   |  5   3   9   |    6 | 
KKLLF   4   2   2   |   5    2    2   |   3    4    3   |  18   11   11   |   5   10   7   |  5   7   9   |    5 | 
KKLLF   2   2   2   |   3    2    8   |   2    2    3   |   6   11   11   |  10   10   7   |  9   7  18   |    5 | 
KKLLF   2   2   2   |  10    4    2   |   6    2    2   |   6   11   11   |  10    5   7   |  5   3   9   |    5 | 
KKLLF   4   2   2   |   3    6    2   |   3    2    3   |  12   14   11   |   5    5   7   |  9   7   9   |    5 | 
KKLLF   2   2   2   |   3    8    6   |   3    2    3   |  12   11   11   |   5    5   7   |  5   7   9   |    6 | 
KKLLF   2   2   2   |  10    4    2   |   2    2    3   |  12    7   11   |   5   10   7   |  5   7  18   |    6 | 
KKLLF   2   2   2   |   2    8    2   |   9    4    3   |   6   11   11   |   5    5   7   |  5   3   9   |    5 | 
KKLLF   2   2   2   |   3    2    8   |   3    2    5   |  12   11   11   |   5   10   7   |  5   3  18   |    6 | 
KKLLF   2   2   2   |   3    6    4   |   5    2    2   |  12    7   11   |  15    5  15   |  5   7   9   |    6 | 
KKLLF   2   2   2   |   3    2    4   |   8    4    5   |   6   11   11   |   5    5   7   |  5   7   9   |    5 | 
KKLLF   2   2   2   |   6    2    4   |   3    6    2   |   6   11   11   |  10    5  15   |  5   3   9   |    5 | 
KKLLF   2   2   2   |   3    4    2   |   9    4    2   |   6   11   11   |   5    5  15   |  5   3   9   |    5 | 
KKLLF   2   2   2   |   5    2    2   |   3    6    5   |  12   11   11   |   5   10   7   |  5   3   9   |    6 | 
KKLLF   2   2   2   |   5    6    4   |   2    6    5   |  12    7   11   |   5    5   7   |  5   3   9   |    6 | 
KKLLF   2   2   2   |   3    2    4   |   8    4    2   |  12    7   11   |   5    5   7   |  5   3  26   |    6 | 
KKLLF   2   2   2   |   3    4    2   |   5    6    2   |  12   11   11   |  10    5   7   |  5   3  18   |    6 | 
KKLLF   2   2   2   |   6    2    2   |   2    4    8   |   6   11   11   |   5    5  15   |  5   3   9   |    5 | 
KKLLF   2   2   2   |   2    4    2   |   2    2    5   |  12    7   11   |   5    5  15   | 18  10   9   |    6 | 
KKLLF   4   2   2   |   3    2    4   |   2    4    3   |  18   11   11   |   5    5  22   |  5   3   9   |    5 | 
KKLLF   2   2   2   |   3    6    4   |   5    2    2   |   6   11   11   |   5    5   7   |  5  14   9   |    5 | 
KKLLF   2   2   2   |   3    6    2   |   3    4    2   |  12   11   11   |   5   10  15   |  5   3  18   |    6 | 
KKLLF   2   2   2   |   2    2    2   |   2    2   11   |   6   11   11   |   5    5  15   | 14   3   9   |    5 | 
KKLLF   2   2   2   |   2    2    6   |   2    8    7   |   6   11   11   |   5   10   7   |  5   3   9   |    5 | 
KKLLF   2   2   2   |   5    8    2   |   3    4    3   |  12    7   11   |  10    5   7   |  5   3   9   |    6 | 
KKLLF   2   2   2   |   2    4    2   |   5    6    2   |   6   11   11   |   5    5  15   | 14   7   9   |    5 | 
KKLLF   2   2   2   |   5    4    2   |   3    2    5   |  12    7   11   |  10    5   7   |  9   7   9   |    6 | 
KKLLF   2   2   2   |   2    6    6   |   2    8    2   |  12    7   11   |   5    5   7   |  5   7  18   |    6 | 
KKLLF   2   2   2   |   2    6    4   |   2    2    2   |   6   11   11   |   5   20   7   |  5  10  18   |    5 | 
KKLLF   2   2   2   |   2    2    2   |   9    8    2   |  12    7   11   |   5    5   7   |  5   7   9   |    6 | 
KKLLF   2   2   2   |   5    4    4   |   3    2    2   |   6   11   11   |  10    5   7   |  5  10  18   |    5 | 
KKLLF   2   2   2   |   8    2    4   |   2    4    2   |  12   11   11   |   5    5  15   |  9   3   9   |    6 | 
KKLLF   2   2   2   |   6    6    4   |   3    2    2   |   6   11   11   |  10    5   7   |  9   3   9   |    5 | 
KKLLF   2   2   2   |   3    4    4   |   3    2    5   |  18   11   11   |   5    5   7   |  9   3   9   |    7 | 
KKLLF   2   3   2   |   6    2    4   |   2    2    2   |  12   14   11   |  10   10   7   |  5   3   9   |    5 | 
KKLLF   2   2   2   |   8    2    6   |   3    4    2   |   6   11   11   |  10    5   7   |  5   3   9   |    5 | 
KKLLF   2   3   2   |   2    2    2   |   6    4    2   |  12   14   11   |  10    5  15   |  5   3   9   |    5 | 
KKLLF   2   2   2   |   2    4    4   |   3    4    2   |  12    7   11   |  10    5  15   | 14   3   9   |    6 | 
KKLLF   2   2   2   |   3    4    2   |   3    2    3   |   6   11   11   |  10   10   7   |  9   3  18   |    5 | 
KKLLF   2   2   2   |   3    4    2   |   2    2    2   |  12   14   11   |   5   10   7   | 18   3   9   |    7 | 
KKLLF   2   2   2   |   2    6    4   |   3    2    5   |  12   11   11   |   5    5  15   |  5   3   9   |    6 | 
KKLLF   2   2   2   |   2    2    2   |   5    8    2   |   6   11   11   |   5    5   7   |  9   3  26   |    5 | 
KKLLF   2   2   2   |   3    4    4   |   3    6    2   |  12    7   11   |   5    5   7   |  5   7  18   |    6 | 
KKLLF   2   2   2   |   5    4    2   |   2    6    2   |  12    7   11   |   5   15  15   |  5   3   9   |    6 | 
KKLLF   2   2   2   |   6    2    4   |   3    2    2   |   6   11   11   |  10    5  15   |  5   7   9   |    5 | 
KKLLF   2   2   2   |   2    4    6   |   3    4    3   |   6   11   11   |   5    5   7   |  5  10   9   |    5 | 
KKLLF   2   2   2   |   2    2    2   |   5    2    2   |   6   11   11   |   5   15  15   | 14   3  18   |    5 | 
KKLLF   2   2   2   |   2    2    6   |   2    6    2   |   6   11   11   |  10   15   7   |  9   3   9   |    5 | 
KKLLF   2   2   2   |   2    6    2   |   2    2    3   |  12   14   11   |   5   10   7   | 14   3   9   |    7 | 
KKLLF   2   2   2   |   5    2    2   |   2    2    7   |  12    7   11   |   5    5   7   |  9   7  18   |    6 | 
KKLLF   2   2   2   |   5    2    8   |   3    2    3   |   6   11   11   |   5    5   7   |  5   3  18   |    5 | 
KKLLF   2   2   2   |   2    4    2   |   2    4    5   |  12    7   11   |   5    5   7   | 14   7  18   |    6 | 
KKLLF   2   2   2   |   2    4    2   |   6    2    3   |  12    7   11   |   5    5  15   |  5  10   9   |    6 | 
KKLLF   2   2   2   |   5    2    2   |   3    4    5   |   6   11   11   |   5   10   7   |  5   7   9   |    5 | 
KKLLF   2   5   2   |   2    2    2   |   2    4    2   |  12   18   17   |   5    5  15   |  5   3   9   |    5 | 
KKLLF   2   2   2   |   2    4    2   |   2    2   10   |   6   11   11   |  10    5   7   |  9   3   9   |    5 | 
KKLLF   2   2   2   |   3    6    4   |   2    2    2   |  12   14   11   |  10    5   7   |  5   7   9   |    7 | 
KKLLF   2   2   2   |   3    6    2   |   5    2    2   |  12   14   11   |  10    5   7   |  5   3   9   |    7 | 
KKLLF   2   2   2   |   6    4    6   |   2    4    2   |  12    7   11   |  10    5   7   |  5   3   9   |    6 | 
KKLLF   2   2   2   |   2    2    2   |   2    4    7   |  12    7   11   |  10    5   7   |  5   7  18   |    6 | 
KKLLF   2   2   2   |   5    6    4   |   3    2    3   |   6   11   11   |   5    5   7   |  5   3   9   |    5 | 
KKLLF   2   2   2   |   2    4    2   |   5    2    3   |  12   11   11   |  10    5   7   |  9   3   9   |    6 | 
KKLLF   2   2   2   |   2    2    4   |   2    4    2   |   6   11   11   |   5    5   7   | 27   3   9   |    5 | 
KKLLF   2   2   2   |   8    2    6   |   2    2    2   |  12    7   11   |   5    5   7   |  5   7   9   |    6 | 
KKLLF   2   2   2   |   3    8    2   |   2    4    3   |   6   11   11   |  10    5   7   |  5   3   9   |    5 | 
KKLLF   2   2   2   |   2    6    2   |   2    4    7   |   6   11   11   |   5    5   7   |  5   7   9   |    5 | 
KKLLF   2   2   2   |   2    6    6   |   5    2    2   |  12    7   11   |   5   10   7   |  5   3   9   |    6 | 
KKLLF   2   2   2   |  10    2    2   |   2    4    3   |   6   11   11   |   5    5   7   |  5   3   9   |    5 | 
KKLLF   2   2   2   |   2    4    4   |   3    4    2   |  12    7   11   |  10    5   7   |  9   3  18   |    6 | 
KKLLF   2   2   2   |   3    4    4   |   2    4    3   |   6   11   11   |   5   10   7   |  9   3   9   |    5 | 
KKLLF   2   2   2   |   3    2    4   |   2    4    3   |   6   11   11   |  10    5  15   |  9   3   9   |    5 | 
KKLLF   2   2   2   |   5    2    2   |   2    6    2   |  12    7   11   |   5   15   7   |  5   7   9   |    6 | 
KKLLF   2   2   2   |   2    6    6   |   2    2    3   |   6   11   11   |  10    5   7   |  9   3   9   |    5 | 
KKLLF   2   2   2   |   3    2    2   |   3    4    3   |   6   11   11   |   5    5   7   |  5  14   9   |    5 | 
KKLLF   2   2   2   |   5    2    2   |   2    2    3   |  12   11   11   |  10    5   7   |  9   7   9   |    6 | 
KKLLF   2   2   2   |   2    4    2   |   5    4    2   |  12   11   11   |  10    5   7   |  5   7   9   |    6 | 
KKLLF   2   2   2   |   3    4    2   |   3    2    2   |  12   14   22   |   5    5   7   |  5   3   9   |    9 | 
KKLLF   2   2   2   |   2    4    2   |   3    2    3   |  12    7   11   |   5    5   7   | 18   3  18   |    6 | 
KKLLF   2   2   2   |   6    2    2   |   2   10    2   |  12    7   11   |   5    5   7   |  5   3   9   |    6 | 
KKLLF   2   2   2   |   3    4    4   |   2    2    5   |  12    7   11   |   5    5   7   |  5   7  18   |    6 | 
KKLLF   2   2   2   |   5    2    4   |   2    8    2   |   6   11   11   |   5   10   7   |  5   3   9   |    5 | 
KKLLF   2   2   2   |   2    6    4   |   5    4    2   |  12    7   11   |   5    5   7   |  5   7   9   |    6 | 
KKLLF   2   2   2   |   3    4    6   |   2    8    2   |   6   11   11   |   5    5   7   |  5   3   9   |    5 | 
KKLLF   2   2   2   |   3    4    2   |   3    4    3   |  12    7   11   |   5    5  15   |  5   3  18   |    6 | 
KKLLF   2   2   2   |   2    2    4   |   6    2    2   |  12   11   11   |  10   10   7   |  5   3   9   |    6 | 
KKLLF   2   2   4   |   3    2    2   |   2    4    2   |  12   11   17   |   5    5  15   |  5   3   9   |    5 | 
KKLLF   2   2   2   |   2    2    2   |   6    2    2   |   6   11   11   |   5    5  15   |  9   7   9   |    5 | 
KKLLF   2   2   2   |   3    2    2   |   2    2    3   |  12   11   11   |   5   10   7   |  9   7   9   |    6 | 
KKLLF   2   2   2   |   2    4    2   |   3    4    5   |   6   11   11   |  10    5   7   |  5   3   9   |    5 | 
KKLLF   2   2   2   |   2    4    8   |   3    2    2   |   6   11   11   |   5    5   7   |  5   7   9   |    5 | 
KKLLF   2   2   4   |   2    4    2   |   2    6    2   |  18   11   11   |   5    5   7   |  5   3   9   |    5 | 
KKLLF   2   2   2   |   2    2    2   |   6    2    7   |   6   11   11   |   5    5   7   |  5   3   9   |    5 | 
KKLLF   2   2   2   |   5    2    2   |   3    2    2   |   6   11   11   |   5    5   7   | 14   7   9   |    5 | 
KKLLF   2   2   2   |   3    4    6   |   2    4    2   |  12    7   11   |   5    5   7   |  5   7   9   |    6 | 
KKLLF   2   2   2   |   2    4    2   |   3    4    3   |  12   11   11   |   5   10   7   |  5   3   9   |    6 | 
KKLLF   2   2   2   |   2    4    2   |   2    6    2   |  12    7   11   |   5    5   7   |  9   3  26   |    6 | 
KKLLF   2   2   2   |   3    2    2   |   8    2    2   |  12    7   11   |   5   10   7   |  5   3   9   |    6 | 
KKLLF   2   2   2   |   2    2    2   |   3    4    3   |  12   11   11   |   5   10   7   |  5   7   9   |    6 | 
KKLLF   4   2   2   |   3    2    2   |   2    2    2   |  12   11   17   |  15    5   7   |  5   3   9   |    5 | 
KKLLF   2   2   2   |   2    2    4   |   3    2    2   |  12   14   11   |  10    5   7   |  9   3   9   |    7 | 
KKLLF   2   2   2   |   5    2    4   |   3    2    2   |   6   11   11   |   5    5  15   |  5   7   9   |    5 | 
KKLLF   2   2   2   |   3    2    4   |   2    6    2   |   6   11   11   |  10    5   7   |  5   3   9   |    5 | 
KKLLF   2   2   2   |   3    4    2   |   3    4    2   |   6   11   11   |   5    5   7   |  5   3  18   |    5 | 
KKLLF   2   2   2   |   3    2    4   |   3    2    3   |  12    7   11   |  10    5   7   |  5   3   9   |    6 | 
KKLLF   2   2   2   |   5    4    4   |   2    2    2   |   6   11   11   |   5    5   7   |  9   3   9   |    5 | 
KKLLF   2   2   2   |   2    2    4   |   2    6    3   |  12    7   11   |   5    5   7   |  5   7   9   |    6 | 
KKLLF   2   2   2   |   5    2    2   |   3    2    2   |  12    7   11   |  10    5   7   |  5   7   9   |    6 | 
KKLLF   2   2   2   |   2    4    2   |   3    2    5   |  12    7   11   |   5    5   7   |  5   7   9   |    6 | 
KKLLF   2   2   2   |   5    2    2   |   2    4    2   |   6   11   11   |   5   10   7   |  5   3  18   |    5 | 
KKLLF   2   2   2   |   2    2    2   |   3    6    5   |  12    7   11   |   5    5   7   |  5   3   9   |    6 | 
KKLLF   2   2   2   |   3    2    4   |   2    2    5   |   6   11   11   |   5   10   7   |  5   3   9   |    5 | 
KKLLF   2   2   2   |   5    2    4   |   2    4    2   |  12    7   11   |  10    5   7   |  5   3   9   |    6 | 
KKLLF   2   2   2   |   2    4    2   |   6    2    2   |   6   11   11   |   5    5   7   |  5   7   9   |    5 | 
KKLLF   2   2   2   |   3    6    2   |   2    2    3   |   6   11   11   |   5    5   7   |  5   3  18   |    5 | 
KKLLF   2   2   2   |   3    6    4   |   2    2    2   |  12    7   11   |   5   10   7   |  5   3   9   |    6 | 
KKLLF   2   2   2   |   2    4    4   |   3    4    2   |  12    7   11   |   5    5   7   |  5   7   9   |    6 | 
KKLLF   2   2   2   |   3    2    2   |   2    8    2   |  12   11   11   |   5    5   7   |  5   3   9   |    6 | 
KKLLF   2   2   2   |   2    4    2   |   2    6    3   |  12   11   11   |   5    5   7   |  5   3   9   |    6 | 
KKLLF   2   2   2   |   2    4    6   |   3    2    2   |  12    7   11   |   5    5   7   |  5   3  18   |    6 | 
KKLLF   2   2   2   |   3    4    2   |   3    2    2   |   6   11   11   |   5    5   7   |  5   7  18   |    5 | 
KKLLF   2   2   2   |   5    2    6   |   2    4    2   |   6   11   11   |   5    5   7   |  5   3   9   |    5 | 
KKLLF   2   2   2   |   2    2    2   |   6    4    2   |  12    7   11   |  10    5   7   |  5   3   9   |    6 | 
KKLLF   2   2   2   |   3    4    6   |   3    2    2   |   6   11   11   |   5    5   7   |  5   3   9   |    5 | 
KKLLF   2   2   2   |   2    4    8   |   2    4    2   |   6   11   11   |   5    5   7   |  5   3   9   |    5 | 
KKLLF   2   2   2   |   5    6    2   |   2    2    3   |  12    7   11   |   5    5   7   |  5   3   9   |    6 | 
KKLLF   2   2   2   |   2    6    2   |   2    2    5   |   6   11   11   |   5   10   7   |  5   3   9   |    5 | 
KKLLF   2   2   2   |   2    2    6   |   2    4    2   |  12    7   11   |   5    5   7   |  5   7   9   |    6 | 
KKLLF   2   2   2   |   2    2    6   |   3    2    3   |  12    7   11   |   5    5   7   |  5   3   9   |    6 | 
KKLLF   2   2   2   |   2    4    4   |   2    6    2   |  12    7   11   |   5    5   7   |  5   3   9   |    6 | 
KKLLF   2   2   2   |   3    4    2   |   3    4    2   |   6   11   11   |   5    5   7   |  5   3   9   |    5 | 
KKLLF   2   2   2   |   5    2    2   |   2    2    2   |   6   11   11   |  10    5   7   |  5   3  18   |    5 | 
KKLLF   2   2   2   |   5    2    4   |   2    2    2   |  12    7   11   |   5    5   7   |  5   7   9   |    6 | 
KKLLF   2   2   2   |   2    4    2   |   2    2    3   |  12    7   11   |   5    5   7   |  9   3  18   |    6 | 
KKLLF   2   2   2   |   2    4    2   |   2    4    2   |   6   11   11   |  10    5   7   |  5   7   9   |    5 | 
KKLLF   2   2   2   |   3    2    2   |   2    4    2   |   6   11   11   |   5    5  15   |  5   7   9   |    5 | 
KKLLF   2   2   2   |   3    2    2   |   3    2    3   |   6   11   11   |   5    5   7   |  5   7   9   |    5 | 
KKLLF   2   2   2   |   2    4    2   |   3    2    2   |  12   11   11   |  10    5   7   |  5   3   9   |    6 | 
KKLLF   2   2   2   |   3    2    8   |   2    2    2   |  12    7   11   |   5    5   7   |  5   3   9   |    6 | 
KKLLF   2   2   2   |   2    4    4   |   2    2    5   |   6   11   11   |   5    5   7   |  5   3   9   |    5 | 
KKLLF   2   2   2   |   2    2    2   |   2    2    7   |  12    7   11   |   5    5   7   |  5   3  18   |    6 | 
KKLLF   2   2   2   |   2    2    2   |   3    2    5   |  12    7   11   |   5   10   7   |  5   3   9   |    6 | 
KKLLF   2   2   2   |   2    2    2   |   3    2    2   |  12   11   11   |  10    5   7   |  5   7   9   |    6 | 
KKLLF   2   2   2   |   3    2    2   |   5    4    2   |  12    7   11   |   5    5   7   |  5   3   9   |    6 | 
KKLLF   2   2   2   |   2    2    2   |   5    4    3   |  12    7   11   |   5    5   7   |  5   3   9   |    6 | 
KKLLF   2   2   2   |   5    4    2   |   3    2    2   |  12    7   11   |   5    5   7   |  5   3   9   |    6 | 
KKLLF   2   2   2   |   2    2    2   |   2    4    2   |  12    7   11   |   5    5  15   |  9   7   9   |    6 | 
KKLLF   4   2   2   |   2    4    2   |   2    2    2   |  12   14   11   |   5    5   7   |  5   3   9   |    5 | 
KKLLF   2   2   2   |   2    2    8   |   2    4    2   |  12    7   11   |   5    5   7   |  5   3   9   |    6 | 
KKLLF   2   2   2   |   2    2    2   |   6    2    2   |   6   11   11   |   5    5  15   |  5   3   9   |    5 | 
KKLLF   2   2   2   |   3    2    2   |   2    2    2   |  12    7   11   |   5    5   7   |  5  10  18   |    6 | 
KKLLF   2   2   2   |   3    2    2   |   2    4    3   |   6   11   11   |   5   10   7   |  5   3   9   |    5 | 
KKLLF   2   2   2   |   2    2    2   |   2    2    7   |   6   11   11   |   5    5   7   |  5   3   9   |    5 | 
KKLLF   2   2   2   |   2    4    2   |   2    2    3   |  12    7   11   |  10    5   7   |  5   3   9   |    6 | 
KKLLF   2   2   2   |   3    2    2   |   2    2    2   |  18   11   11   |   5    5   7   |  5   3   9   |    7 | 
KKLLF   2   2   2   |   2    6    2   |   2    2    2   |   6   11   11   |   5   10   7   |  5   3   9   |    5 | 
KKLLF   2   2   2   |   2    2    2   |   2    6    2   |  12   11   11   |   5    5   7   |  5   3   9   |    6 | 
KKLLF   2   2   2   |   3    4    2   |   2    4    2   |   6   11   11   |   5    5   7   |  5   3   9   |    5 | 
KKLLF   2   2   2   |   3    2    2   |   2    6    2   |  12    7   11   |   5    5   7   |  5   3   9   |    6 | 
KKLLF   2   2   2   |   3    2    2   |   3    2    2   |  12    7   11   |   5    5   7   |  5   7   9   |    6 | 
KKLLF   2   2   2   |   2    2    2   |   3    4    2   |   6   11   11   |   5    5   7   |  9   3   9   |    5 | 
KKLLF   2   2   2   |   3    2    4   |   2    2    2   |   6   11   11   |   5   10   7   |  5   3   9   |    5 | 
KKLLF   2   2   2   |   5    2    2   |   2    2    3   |  12    7   11   |   5    5   7   |  5   3   9   |    6 | 
KKLLF   2   2   2   |   2    6    2   |   2    2    2   |  12    7   11   |   5   10   7   |  5   3   9   |    6 | 
KKLLF   2   2   2   |   2    2    2   |   2    6    2   |   6   11   11   |   5    5   7   |  5   7   9   |    5 | 
KKLLF   2   2   2   |   3    2    2   |   2    4    2   |  12    7   11   |   5    5   7   |  5   3  18   |    6 | 
KKLLF   2   2   2   |   2    2    4   |   3    4    2   |   6   11   11   |   5    5   7   |  5   3   9   |    5 | 
KKLLF   2   2   2   |   3    2    2   |   2    4    2   |  12    7   11   |   5    5  15   |  5   3   9   |    6 | 
KKLLF   2   2   2   |   2    4    2   |   2    2    3   |  12   11   11   |   5    5   7   |  5   3   9   |    6 | 
KKLLF   2   2   2   |   2    2    2   |   3    2    5   |   6   11   11   |   5    5   7   |  5   3   9   |    5 | 
KKLLF   2   2   2   |   3    2    4   |   3    2    2   |   6   11   11   |   5    5   7   |  5   3   9   |    5 | 
KKLLF   2   2   2   |   2    2    2   |   3    4    2   |  12    7   11   |   5    5   7   |  5   7   9   |    6 | 
KKLLF   2   2   2   |   3    2    2   |   3    4    2   |  12    7   11   |   5    5   7   |  5   3   9   |    6 | 
KKLLF   2   2   2   |   2    2    2   |   2    4    3   |  12    7   11   |   5    5   7   |  9   3   9   |    6 | 
KKLLF   2   2   2   |   3    2    2   |   2    2    2   |   6   11   11   |   5   15   7   |  5   3   9   |    5 | 
KKLLF   2   2   2   |   2    2    2   |   2    2    2   |  12    7   11   |  10    5   7   |  5   3  26   |    6 | 
KKLLF   2   2   2   |   3    2    4   |   2    2    2   |   6   11   11   |  10    5   7   |  5   3   9   |    5 | 
KKLLF   2   2   2   |   6    2    2   |   2    2    2   |  12    7   11   |   5    5   7   |  5   3   9   |    6 | 
KKLLF   2   2   2   |   2    2    2   |   2    6    2   |   6   11   11   |   5    5  15   |  5   3   9   |    5 | 
KKLLF   2   2   2   |   2    6    2   |   2    2    3   |  12    7   11   |   5    5   7   |  5   3   9   |    6 | 
KKLLF   2   2   2   |   2    4    2   |   2    2    2   |  12    7   11   |   5    5   7   |  9   3   9   |    6 | 
KKLLF   2   2   2   |   3    2    2   |   2    2    2   |  12    7   11   |   5   10   7   |  5   3   9   |    6 | 
KKLLF   2   2   2   |   2    2    2   |   2    2    5   |   6   11   11   |   5    5   7   |  5   3   9   |    5 | 
KKLLF   2   2   2   |   2    4    2   |   2    2    2   |  12    7   11   |   5    5   7   |  5   7   9   |    6 | 
KKLLF   2   2   2   |   2    2    2   |   5    2    2   |   6   11   11   |   5    5   7   |  5   3   9   |    5 | 
KKLLF   2   2   2   |   2    2    2   |   2    2    5   |  12    7   11   |   5    5   7   |  5   3   9   |    6 | 
KKLLF   2   2   2   |   2    2    2   |   2    2    2   |  12    7   11   |  10   10   7   |  5   3   9   |    6 | 
KKLLF   2   2   2   |   2    4    2   |   2    2    2   |   6   11   11   |  10    5   7   |  5   3   9   |    5 | 
KKLLF   2   2   2   |   2    2    2   |   2    2    2   |  12    7   11   |   5   10  15   |  5   3   9   |    6 | 
KKLLF   2   2   2   |   2    2    2   |   2    2    2   |  12   11   11   |   5    5   7   |  5   3  18   |    6 | 
KKLLF   2   2   2   |   2    2    2   |   2    2    2   |   6   11   11   |  10    5   7   |  9   3   9   |    5 | 
KKLLF   2   2   2   |   2    4    2   |   2    2    2   |  12    7   11   |   5   10   7   |  5   3   9   |    6 | 
KKLLF   2   2   2   |   2    2    2   |   2    4    2   |  12    7   11   |  10    5   7   |  5   3   9   |    6 | 
KKLLF   2   2   2   |   2    4    2   |   2    2    3   |   6   11   11   |   5    5   7   |  5   3   9   |    5 | 
KKLLF   2   2   2   |   2    4    2   |   2    2    3   |   6   11   11   |   5    5   7   |  5   3   9   |    5 | 
KKLLF   2   2   2   |   2    2    2   |   2    2    3   |   6   11   11   |   5    5   7   |  9   3   9   |    5 | 
KKLLF   2   2   2   |   2    2    2   |   2    2    3   |   6   11   11   |   5    5   7   |  5   7   9   |    5 | 
KKLLF   2   2   2   |   3    2    2   |   2    2    3   |   6   11   11   |   5    5   7   |  5   3   9   |    5 | 
KKLLF   2   2   2   |   2    4    2   |   3    2    2   |   6   11   11   |   5    5   7   |  5   3   9   |    5 | 
KKLLF   2   2   2   |   3    2    2   |   2    2    2   |  12    7   11   |   5    5   7   |  5   3  18   |    6 | 
KKLLF   2   2   2   |   2    2    2   |   3    4    2   |  12    7   11   |   5    5   7   |  5   3   9   |    6 | 
KKLLF   2   2   2   |   2    2    2   |   2    4    2   |  12    7   11   |   5    5   7   |  5   3  18   |    6 | 
KKLLF   2   2   2   |   2    2    2   |   2    2    2   |   6   11   11   |   5   10   7   |  5   3   9   |    5 | 
KKLLF   2   2   2   |   2    2    2   |   3    2    2   |  12    7   11   |   5    5   7   |  5   3   9   |    6 | 
KKLLF   2   2   2   |   2    2    2   |   3    2    2   |   6   11   11   |   5    5   7   |  5   3   9   |    5 | 
KKLLF   2   2   2   |   2    2    2   |   3    2    2   |   6   11   11   |   5    5   7   |  5   3   9   |    5 | 
KKLLF   2   2   2   |   2    2    2   |   2    2    3   |  12    7   11   |   5    5   7   |  5   3   9   |    6 | 
KKLLF   2   2   2   |   2    2    2   |   2    4    2   |   6   11   11   |   5    5   7   |  5   3   9   |    5 | 
KKLLF   2   2   2   |   3    2    2   |   2    2    2   |   6   11   11   |   5    5   7   |  5   3   9   |    5 | 
KKLLF   2   2   2   |   2    2    2   |   2    2    2   |  12    7   11   |   5    5   7   |  5   7   9   |    6 | 
KKLLF   2   2   2   |   2    2    2   |   2    2    2   |  12    7   11   |   5    5   7   |  5   3  18   |    6 | 
KKLLF   2   2   2   |   3    2    2   |   2    2    2   |   6   11   11   |   5    5   7   |  5   3   9   |    5 | 
KKLLF   2   2   2   |   2    2    2   |   3    2    2   |  12    7   11   |   5    5   7   |  5   3   9   |    6 | 
KKLLF   2   2   2   |   2    2    2   |   2    2    2   |  12    7   11   |   5   10   7   |  5   3   9   |    6 | 
KKLLF   2   2   2   |   2    4    2   |   2    2    2   |  12    7   11   |   5    5   7   |  5   3   9   |    6 | 
KKLLF   2   2   2   |   2    2    2   |   3    2    2   |  12    7   11   |   5    5   7   |  5   3   9   |    6 | 
KKLLF   2   2   2   |   2    2    4   |   2    2    2   |  12    7   11   |   5    5   7   |  5   3   9   |    6 | 
KKLLF   2   2   2   |   2    2    4   |   2    2    2   |   6   11   11   |   5    5   7   |  5   3   9   |    5 | 
KKLLF   2   2   2   |   2    2    2   |   2    2    2   |   6   11   11   |   5    5   7   |  5   7   9   |    5 | 
KKLLF   2   2   2   |   2    2    2   |   2    2    2   |   6   11   11   |   5    5   7   |  5   7   9   |    5 | 
KKLLF   2   2   2   |   2    2    2   |   2    2    2   |   6   11   11   |   5    5   7   |  5   3   9   |    5 | 
KKLLF   2   2   2   |   2    2    2   |   2    2    2   |  12    7   11   |   5    5   7   |  5   3   9   |    6 | 
KKLLF   2   2   2   |   2    2    2   |   2    2    2   |  12    7   11   |   5    5   7   |  5   3   9   |    6 | 
KKLLF   2   2   2   |   2    2    2   |   2    2    2   |   6   11   11   |   5    5   7   |  5   3   9   |    5 | 
KKLLF   2   2   2   |   2    2    2   |   2    2    2   |  12    7   11   |   5    5   7   |  5   3   9   |    6 | 
KKLLF   2   2   2   |   2    2    2   |   2    2    2   |  12    7   11   |   5    5   7   |  5   3   9   |    6 | 
KKLLF   2   2   2   |   2    2    2   |   2    2    2   |   6   11   11   |   5    5   7   |  5   3   9   |    5 | 
KKLLF   2   2   2   |   2    2    2   |   2    2    2   |   6   11   11   |   5    5   7   |  5   3   9   |    5 | 
KKLLF   2   2   2   |   2    2    2   |   2    2    2   |  12    7   11   |   5    5   7   |  5   3   9   |    6 | 
KKLLF   2   2   2   |   2    2    2   |   2    2    2   |   6   11   11   |   5    5   7   |  5   3   9   |    5 | 
KKLLF   2   2   2   |   2    2    2   |   2    2    2   |   6   11   11   |   5    5   7   |  5   3   9   |    5 | 
KKLLF   2   2   2   |   2    2    2   |   2    2    2   |  12    7   11   |   5    5   7   |  5   3   9   |    6 | 

